1 0.824375 0.530833 0.138750 0.625000
1 0.583750 0.558333 0.135000 0.743333
1 0.408750 0.515833 0.172500 0.685000
1 0.550000 0.456667 0.072500 0.566667
1 0.331250 0.118333 0.085000 0.176667
1 0.235625 0.094167 0.061250 0.185000
1 0.192500 0.087500 0.050000 0.171667
1 0.384375 0.112500 0.046250 0.155000
1 0.498750 0.127500 0.060000 0.155000
1 0.615000 0.128333 0.057500 0.156667
1 0.658125 0.169167 0.041250 0.178333
1 0.705625 0.182500 0.068750 0.221667
1 0.756250 0.187500 0.050000 0.201667
1 0.796250 0.190000 0.055000 0.210000
1 0.836875 0.192500 0.063750 0.188333
1 0.892500 0.181667 0.050000 0.120000
1 0.943125 0.170000 0.051250 0.160000
1 0.977500 0.180000 0.045000 0.173333
