1 0.220000 0.713333 0.115000 0.420000
1 0.440000 0.659167 0.080000 0.308333
1 0.108125 0.556667 0.018750 0.066667
1 0.903750 0.714167 0.057500 0.138333
1 0.937500 0.585000 0.045000 0.150000
1 0.830625 0.556667 0.033750 0.103333
1 0.818750 0.902500 0.117500 0.195000
1 0.533125 0.862500 0.061250 0.148333
1 0.595625 0.883333 0.061250 0.176667
1 0.676875 0.900000 0.086250 0.200000
1 0.619375 0.706667 0.046250 0.083333
1 0.715000 0.725833 0.045000 0.078333
1 0.771250 0.726667 0.050000 0.106667
1 0.710000 0.618333 0.037500 0.073333
1 0.677500 0.548333 0.025000 0.086667
1 0.742500 0.538333 0.017500 0.066667
