1 0.192500 0.550000 0.075000 0.450000
1 0.294375 0.549167 0.078750 0.408333
1 0.428750 0.560000 0.077500 0.416667
1 0.352500 0.422500 0.057500 0.335000
1 0.184375 0.210833 0.078750 0.238333
1 0.278750 0.221667 0.070000 0.270000
1 0.395000 0.220833 0.060000 0.241667
1 0.498125 0.430000 0.058750 0.313333
1 0.560625 0.575833 0.066250 0.348333
1 0.666250 0.546667 0.060000 0.290000
1 0.738750 0.765833 0.080000 0.335000
1 0.776875 0.693333 0.068750 0.276667
1 0.881250 0.698333 0.087500 0.356667
1 0.738125 0.460000 0.066250 0.216667
1 0.807500 0.275000 0.067500 0.296667
1 0.693750 0.251667 0.072500 0.220000
1 0.592500 0.275000 0.082500 0.250000
1 0.513750 0.243333 0.057500 0.173333
