1 0.903750 0.692500 0.037500 0.231667
1 0.971250 0.635000 0.045000 0.210000
1 0.797500 0.666667 0.042500 0.206667
1 0.846250 0.652500 0.032500 0.145000
1 0.763750 0.638333 0.032500 0.136667
1 0.600625 0.667500 0.041250 0.201667
1 0.630625 0.668333 0.041250 0.263333
1 0.667500 0.656667 0.042500 0.206667
1 0.701250 0.603333 0.045000 0.163333
1 0.343125 0.647500 0.036250 0.198333
1 0.371875 0.640000 0.033750 0.196667
1 0.430625 0.630000 0.028750 0.163333
1 0.478125 0.634167 0.028750 0.158333
1 0.520625 0.615833 0.026250 0.148333
1 0.546875 0.626667 0.038750 0.183333
1 0.575000 0.616667 0.032500 0.160000
1 0.178750 0.636667 0.027500 0.113333
1 0.300000 0.624167 0.040000 0.141667
1 0.222500 0.628333 0.037500 0.123333
1 0.245625 0.608333 0.043750 0.113333
